4
1000000000000000000 633703569 732683531 725723226 1000000007
1000
284850215
188368742
297496513
353442992
608825238
299624961
89122295
978643122
191304949
550790252
687642074
118629196
122779476
63599221
613464293
321512789
457688468
743956789
693821611
936850556
879084930
557065080
433167753
264558261
156644015
228666422
347691314
73746668
121836170
560355772
419511962
595946027
680782615
911206784
371899528
69933979
4102386
57449033
649998
356624244
243801029
344692774
473630350
220507974
67814504
712902910
354657729
85234376
559081973
490002144
701786529
503584945
870361461
8008261
749593145
118384937
964305204
921531661
704817523
603219329
545374754
285528640
71874733
210402924
371704351
700983695
963446765
353739280
496083801
1442825
13961435
546112189
533141124
35329889
708425444
334470022
487768054
596589933
416820134
173106837
36206092
69545728
751139046
681246767
560731237
857744321
53199303
786638965
976906143
967705247
199439993
488245529
782383834
336805302
583036014
158764102
217583223
697760511
693431194
914151005
576731035
923425922
728739409
197377781
843839664
339893634
73190603
42905004
302998290
89925451
379437631
617971953
127612476
180256966
241618915
974462344
961156674
162290173
425006637
290009629
735266977
242420213
170345858
100088235
939347466
593665430
535876134
309325045
291586584
342412151
708189029
174853400
55785677
772742728
171917904
19520377
753374246
102893303
932945650
946125829
629131742
849029688
345395424
329850247
295865568
288138725
393984349
483939826
672092050
556990800
21294116
755945470
88966653
646138156
373581444
82414133
40369208
229281115
797862933
866432848
450505573
990495503
784059704
558824935
140656305
350646309
438731084
99121165
766250582
571863455
980720995
587451747
786365596
21393299
942599750
471520890
156532603
748658890
548046656
833765237
128066362
690317216
123739539
807151719
657025598
558408642
724958306
484511617
506256413
273136673
286498610
676341802
742627617
763694023
958492974
757137841
739506498
667482399
212411664
851669110
712533819
556909235
27743780
208346233
294788644
767390981
588115150
864990090
479844604
113439769
736187068
57899716
830104028
965340870
98762684
117915797
736559253
310939798
590220819
185706621
325327893
448999117
98841975
55400791
67654991
345157093
287331699
427901382
679181848
379688249
645796743
557387742
202635592
305091055
541353339
904664807
900177460
864526189
126833443
589265976
653071927
299321959
630749855
754289114
156634215
661093625
199095512
865453510
158231000
685946301
954180004
764784474
660457078
605225266
439561339
183310955
224754963
674615856
59721095
460015626
811394440
483981397
279197056
374503385
932844690
101387855
194452317
735199645
75780549
974896110
73234246
879447774
261365954
674748103
520234298
220508691
832081864
485985841
924067565
735715493
973197528
914116896
2253049
116495942
941951151
853065950
180386312
667354111
255975976
627731309
392388489
213782576
236945464
778855180
654215007
580663918
978548768
774096266
34719980
205789589
386598666
63144824
565640111
93112939
975679144
287298501
790663097
92296493
283463321
722983230
447000462
802138615
966424410
98252325
226839341
429326048
835073735
513073303
737869852
647408209
155928989
46567339
903303916
343070646
465547844
807363856
170254621
162203740
862807423
315176345
154963970
358041165
973440063
28697918
18546621
419883340
922983949
433981784
999679919
285860213
663841181
127170228
229402291
199363407
979029149
711159296
194218474
451153855
75300164
523508078
833925790
162711963
903809347
21558913
670813719
196861895
201834107
663170651
601686816
322481366
840666493
174535564
47756805
59216890
765267642
983814658
808134241
282901030
568243036
607733649
226988558
257796274
460371885
911071451
599501839
50168450
994461717
200259175
531569864
561688115
378571945
185052811
150298277
115597311
123233570
477968188
162802852
208664711
733611817
263739816
758977089
494528584
737559277
376957952
226890179
951850560
990127897
933953268
495921403
323931731
658334433
619226264
856652739
906383389
512565552
409976869
894474331
614633942
815105284
452499533
206262907
351044846
910957056
942152925
226441865
857541342
73728914
553780637
531468809
766775744
67451221
419848216
776469951
373155878
156715888
384696306
867888005
616037370
291113977
931840021
729550964
985875311
257690990
593976171
870730602
235905542
110998419
870998613
717144665
585763460
692575749
528090264
854687866
251221530
134339301
54092720
217083739
305963573
150184342
236994869
903274897
909686161
173170004
364491465
153797824
97856877
203418873
257359132
512375399
894212858
149462397
861979349
195661230
380078383
168699017
448356346
242419676
122326924
739897616
589793669
367633640
397517268
871380784
53608438
631542577
110381002
134076188
503951673
511557683
381513424
76437619
349274940
623923552
790628090
135998176
2460901
549241231
426268746
62262732
667022039
325634689
708976451
234905993
597569502
666699791
238792720
577845120
182307202
445941478
770765953
395695306
284397719
777160755
797085905
881916253
183008724
171542204
572003663
63509011
92546590
24452177
384895372
386418897
610882918
552024290
142117813
993152405
508989163
378264974
591370916
892665444
696875613
767999386
630190095
861727039
165275962
545795402
237411657
468088654
580127683
211614123
385418018
945357951
795299264
997757429
591903539
516912296
513481340
411093296
485971407
126803765
795806330
134242665
893650803
740175368
759609255
775822225
834030136
814529384
476409345
997555589
440697004
191150627
285696789
639924311
473043145
431727837
113053973
515883088
155667650
776166909
927258630
133230423
249248911
930634424
709822808
948592434
770922720
329595687
203899650
634467729
70929537
481813478
300349336
717879522
364797490
56887555
296954026
339370754
525517289
111492878
854567899
948760959
984469700
121043747
324336074
639119020
186514344
41755380
54325322
560441200
737276286
117918783
610579908
1190026
569219045
828298833
484348968
354248453
102805815
882338958
470960164
480163734
584044053
406434614
546832096
686817208
592321079
654685810
811072211
602693008
158750263
813123546
351954615
774412515
775888793
641506152
62013681
222341295
154149789
65884777
446335013
383522516
247103538
676098783
338929940
887840936
742512553
292904968
177923820
823264850
870318507
851635451
245263181
542805484
941342084
121286743
121921094
641909670
588513232
230008993
256725563
737442615
304983258
18063715
346645962
451673570
674562639
373540290
291903041
134637125
497005898
29110197
32815432
346704703
464469845
765341445
398853770
364004875
127490393
795167955
507175229
941989306
466504496
156792547
888542285
956570734
772078679
806201589
852507471
233786002
805223418
509501016
226820878
655833597
283411766
661353716
598181870
693608336
843254228
266136512
807080041
205573381
748195177
202930602
41281734
358402612
264097455
580878136
103877812
219633335
636267487
433191975
299324944
149509126
29701518
560936801
477512113
147059170
121961122
976041133
199357247
862313150
441747756
573626026
977094332
930587499
430330607
636364775
936464493
386870788
242234735
761128410
862693522
182953428
42253227
128927921
788883103
521333165
259564897
360274321
103058004
524925828
28359074
921687269
192942676
890889654
480335773
993355002
731983969
371094777
4239730
797583493
483107365
874320886
134423360
315762399
77094542
748345253
575837196
261792117
10627797
159942396
435977797
201108203
182627184
254360485
473520938
336616687
403741400
634037265
422449561
907197856
697225190
80671787
605868893
334295861
534856768
499157900
101419824
925677031
218014018
617036246
633010435
459769354
275612151
731983740
323235334
937827196
710982935
933839399
308192592
687176784
335366670
939979311
237244075
880423921
858791467
419056243
395597874
498333737
963052482
260507671
848311906
878743528
201395779
805638564
699560749
467461847
196381923
465030118
113657148
428846353
275071037
936195103
31168489
25601477
844391233
800369702
428279701
134273558
810359765
461383448
191658279
478941208
896756332
882599182
672443628
987714453
929610237
228058943
732018759
793252844
429072345
30069980
865391944
321201809
758779082
149830387
113259732
294518152
857384530
465602824
964994930
686140756
42329393
366125844
307505028
964973301
772530896
365214849
174478681
476166343
751811581
855446147
781160184
101054542
684262345
887226285
398849224
154594890
534864951
181477112
660182197
692083477
637793504
346239709
438110868
28583418
54244075
47250412
167874987
548807661
481082858
58972301
406777503
971762886
419388805
654144285
269035087
711245432
922093208
190551134
253016494
290438722
872915069
991081958
849943199
439391811
28102179
253358917
614257349
282670866
236579980
291282535
496680705
868803825
636429085
765300815
809086930
919472118
250483011
890213980
502255387
156646726
557800602
596405016
668303644
447642723
396575074
661296603
88117175
354666254
24430750
555416179
697419063
829368405
732616492
346658125
579996889
287490871
76639916
707347641
620759439
797677805
162196156
626047317
944922770
858862739
597705063
52522739
137302417
536038487
91598154
251941531
646849784
318418151
512704437
931467919
390432656
56749217
450812320
154566773
906396906
540302556
991665307
111555723
113295520
97032266
226355342
712118459
141314164
748401375
310140735
239760486
140199532
503844204
397852196
628302849
584188205
241651959
619880439
636723480
841934419
348116225
236579882
572107566
596512940
341554510
709014075
961667976
47678101
361328017
447045466
176459405
124695981
539179790
184451807
470182313
795619388
415227272
106880978
919226339
440035746
101716011
951309157
890186894
827991005
759506571
46692945
412406343
231539785
735906550
69985508
157696610
463539524
528519972
271641879
995188545
163155723
150506926
970467915
915085038
850231232
959603530
934205086
751789382
501021506
573713637
97860100
400699899
836504063
834689198
875827849
726199118
982667655
890340229
128368431
425033408
314725002
1000000000000000000 434779504 287770685 547143553 1000000007
1000
359226887
452134699
770846130
745106922
807602211
408275122
425788549
704879016
994018742
75546606
550442688
183221702
555657582
122170370
451790803
312789593
208056306
337082429
648996888
427201426
907033201
950532879
19516514
782022620
228233893
621750797
701024645
422971399
839416563
171535461
412217327
162380524
601587903
111570348
555044284
561462049
575072370
91116415
826039645
667838541
415490945
35158701
781616999
984550364
637406331
781667003
983669062
812410293
308044230
736553762
695636615
354793567
392295569
722397873
542335261
223327186
30868474
233007168
73626457
946729556
899781038
116175272
311302021
442843030
86136340
440039379
61252254
634902424
283026544
887547540
106885720
266575100
248357708
461642354
215034360
817793550
131994125
922084891
133195865
441241254
215407285
596671542
921274461
270120088
444583947
759318027
675106366
853939704
64033890
584798260
137232627
734235169
785988932
60203729
618484307
501628223
340325573
408501889
864
979228740
757928842
677532742
6247493
864822427
51492379
607473320
55112162
206505726
802510909
245441849
562835297
154291029
711817175
586966132
128067938
608311586
102850124
560799594
308103157
817419201
896346362
511282151
51544913
741733746
79356627
108768734
259971956
590530420
729744246
305145367
347200694
304871880
263421676
158725331
528336703
817773202
265752013
132040002
130895387
279829283
108284033
289256907
744579145
667945205
297222289
504685337
91702673
671211489
989407124
319349618
681950373
146485554
841606631
905094208
721183951
533034765
604734458
11909483
228168122
259878110
392526526
671673809
171069168
103360678
205255605
859875767
952492007
998825295
422968537
154892847
347235039
987435287
85628385
737367578
30737091
146707432
370715962
167538807
667776416
597306114
845398955
356631771
980109944
366451054
963463856
899298262
127124166
56810132
281352329
544209130
724170055
534046598
823768711
620018484
455689548
541295524
678841126
735494736
388248261
625959372
116995207
435189984
667774668
869281712
938942664
382161630
917258491
536915647
964993489
491779313
614506231
754209002
429554498
952658403
249091101
107015622
966944970
12181384
942079052
893114816
150000834
875724950
392723228
848978195
764008440
344918455
9739456
58893013
92010685
495881258
267842617
336575611
289383460
604413584
393437576
113625954
489055415
33493990
169994957
503983031
192610172
933523771
730968200
951378351
764625722
354873163
228715285
877613207
936529728
65755522
228251690
197505029
404835031
667324368
263918093
35346775
34378325
359402547
541512730
649294837
146256938
711148868
508264689
406295975
473406090
252108361
965921271
63010494
55509053
765528629
102837477
908573140
438856061
982166426
95507048
35020668
450881842
218032585
883802100
867422976
722832175
568000600
99086135
62011883
338763384
55988749
313543094
341672113
441401091
297615034
703289829
362772449
907925548
195116927
761794610
496904704
638599421
557245280
254304128
298423753
19466903
632779498
544966335
294239811
636502231
199653842
230442115
21082614
559831403
13217520
329773177
935173151
941138174
576472164
212474904
877018861
480655237
644641402
963542336
555345282
418877448
670853942
96479112
71435768
485259314
779913889
556487214
478724457
191867153
843914847
875577802
16320106
992557492
707055738
754728498
29196510
412476440
201873064
553682865
797428539
450990828
467519849
703967250
977653634
11985288
23784352
25942228
933964363
51746356
921173776
745002832
322404368
199670668
578829000
621450011
656543586
11944408
248649713
684082007
870760332
485497150
836117864
117617139
208419828
272253730
103845785
262348467
856783081
435478925
341202246
125859480
235177019
202912297
56159407
244798282
778041334
846154641
638070732
966663441
84271414
995831724
29393163
440348753
682796335
74841179
756594978
437209857
47413314
396142470
93391993
906930706
532937795
983622870
701156783
457751384
265929570
745778108
458135819
364920206
38151140
558069759
16198568
143998022
58179002
407195919
173330369
282512989
368682654
132667421
277724979
875045296
133032375
839427731
891240124
786156153
592970612
799116794
239876440
289057089
460956157
114044751
294472863
575299722
904550573
62434142
215551833
281832463
264781094
128351541
729278307
860056791
941136077
396645247
896730843
485361113
774370721
139949858
972059065
253457332
357864205
50379197
530537225
499843039
783202940
730491110
530162465
620060127
246567667
963449794
651826314
825940730
11211685
172622337
678186330
158232635
713172700
357123168
713925955
754817796
322988285
290735006
247652589
58066137
778551639
630758962
689511073
471592370
246586901
940751496
956877011
554215514
953138215
581151217
431408749
944481129
479697478
121846786
336866397
366980692
648036293
510919524
476633566
876911061
508692560
886974271
95045736
584459123
795463374
2408704
113322847
952604231
333035121
463701223
858332337
853802715
242312833
481660550
229941579
199852739
73197974
600533780
835255581
79794064
530352401
11934383
875326477
215220165
160577541
339711509
256635623
364857447
82925006
763229958
379810086
195928683
748900202
26846869
144559085
562794906
320023519
345037931
170798032
443766126
930732614
48097184
867179598
333045754
727952688
332891238
828996232
949481060
569133026
20156968
500676385
272226832
649587019
317630342
171881260
74315864
628579541
140634802
50863551
943120042
744425422
42953426
882488102
474631813
264941111
737894729
758296220
168711921
725332720
486302375
387882251
198197372
837968652
278033193
902844289
643273546
18568372
129018314
270319334
57924217
241907706
527629324
338060458
875085402
103239824
63963824
14739890
49495742
182954020
742700477
856390585
256845245
365869705
436448603
672707169
344880914
670073910
369589455
813105562
479662641
297135859
384650308
79390871
539859482
369861122
573819803
765004722
195781316
135712166
610318132
120266405
151198991
32915051
623177902
197216040
981757712
675148548
245200659
137033649
388927788
160118473
54643038
423207704
255403768
310195399
697980252
444165283
645790894
949241941
781565616
841363401
717709477
206007520
147897982
127734001
180966261
243931912
986845011
283414421
16733945
865516165
88099002
494269351
218521266
140425740
182734411
662271979
122097353
109769556
688423526
812747889
55088219
364881975
259303057
262843793
911345925
440573538
260554553
96359883
423077201
687387328
509213765
212742380
53196462
72398741
995842109
313240144
196359322
751428058
519352453
126090714
701119600
545006213
70690705
133364791
893886513
186480935
643481566
998877467
87202183
442846149
202775015
43051051
334078367
129628350
732463708
122986054
898163474
202656606
887081800
668760010
65277510
613469832
58203297
159083341
962371905
482501591
784371124
745354601
41781430
948543048
76316032
353230824
42727226
159397294
173679186
974205870
708623270
281081397
313004721
690865749
498882861
492635931
716011452
335964703
919993512
144429755
388062065
439455421
906539837
128930337
611987463
264638436
456348894
9763079
115862904
413583981
291387809
457312975
338760146
216562760
466327998
473395205
427043458
136987656
794370428
416597622
959255002
406999908
181079832
902733008
511059884
411679467
395578080
305155670
308613618
89971884
424229725
6862534
987823424
10544737
452097860
492775584
817028673
476160937
48808059
144010371
844523187
337235799
401308711
530002941
21129224
599739068
248734390
728464192
382012645
180925940
403127892
214663301
181120555
390310662
172461454
222184697
169778898
685870847
264629075
331975097
991126114
793853613
884343585
784994055
62146034
882683143
331261654
744273013
79104725
970722641
128543665
348545974
219322837
323660888
612343622
813235594
404539748
805719875
724239337
423240945
448465123
352058652
41027154
145609467
724997387
471706963
12316673
667172101
346554212
351839927
659243791
372464466
247962513
368348312
825548621
843562509
313406572
766483304
20993144
360068231
435856163
384462767
802779992
400439778
889053002
228423897
67985825
154436024
762056212
204413709
26299094
421641350
181371923
450769588
179807558
107680286
961721724
335516477
641234997
667837739
293791060
385165259
575565599
767216825
884858196
528170986
756688106
468462130
4506390
105558722
206560013
731308772
842860032
354003105
161483098
565294337
727551660
959806168
930516123
538148689
362211160
805644425
908027
381490285
999706055
686445215
815509413
873847200
119279844
45799350
410549057
981399197
160781058
84226367
567161005
834687966
64365080
581540996
253658517
259393102
519914756
783490816
885720437
92816014
410773392
277129993
183391442
837554865
670122250
84596349
955095107
990121139
289001812
162904243
696092245
535501455
606638591
121474257
55435667
369619414
882700924
910380708
644760230
889422934
734165419
269113520
218392243
929064897
129097154
673433423
910344631
471734841
883041711
660239951
527946456
881433493
988165592
331605697
149555596
897401746
829602540
314905822
438794787
695249346
992874074
6114842
992597519
153329132
407224357
102102210
335429574
643362352
176327551
81575224
198394586
709384442
113949695
452698906
841152689
664553759
713931502
105413406
475045581
310527754
301079747
965465454
810465082
204419429
568083018
961998318
35291188
560974503
199504860
119951687
415866529
523231675
515046895
449318571
956318176
746614987
622484903
63582347
568569962
449037067
141252774
559069953
858668256
19613223
827689887
854816865
267375513
38842197
580358677
958646619
233779867
51343473
382461184
123068459
688830388
140894122
499310491
167303734
652384155
357696969
438792242
138297948
284685786
56902015
857317041
505797474
943875884
471084535
804500179
529700251
558956432
806246925
252531917
460641019
946804128
41159065
897667943
878626795
708695662
59876353
593855992
528820113
866557859
338286974
654751729
756536491
609657208
377027197
243140005
870909836
100678908
218916929
644005977
581552195
907499811
194695111
1000000000000000000 58387954 548071413 129177524 1000000007
1000
258569915
23926842
9318417
391498996
781313344
185917494
521719756
103233730
526328872
313129601
159905524
426666681
959316572
762223989
143882905
51608423
603675853
2334891
415311592
778635392
667413448
326475572
403173370
410781750
66206224
186972349
240396088
151597069
214532623
425741516
387247360
936663609
355654308
882740662
859364621
311892572
37454619
184906741
754992796
799351307
93683326
749161059
59222885
559099707
219106918
160464631
747097962
290056281
899919487
522205111
799245808
594722232
792899218
603552877
26820916
22083536
452968314
908910349
945387499
121004307
124096090
553922684
264598175
119352167
605923248
786969261
166639138
448699791
606324730
182873950
377051662
986056400
182048535
261125083
633372758
64349655
223380981
121687815
600265956
877088001
415325019
702704446
170898827
409814734
81202553
450500803
792812701
964079111
763250388
611763051
676210550
378924203
123531876
698389842
287139965
58228291
92260739
635754973
675908496
136717229
565020460
547224974
735303094
818653670
889722143
451688518
116927587
81809602
992020189
643282773
207224958
314114335
335649122
182580069
631400344
725138312
676380672
123560096
30128645
94652316
594699657
636738031
434087731
855529191
934995478
117128036
29531138
667930466
373209964
978266347
870420519
804761071
503174981
319533778
407645137
76166195
109846626
962775561
800625147
772482772
755700400
613876307
352493345
518224214
535623833
997025963
113023507
66818909
186735566
795229676
583407530
373560297
364189030
228352280
128966131
64482167
108431755
853923746
214166787
60544242
871417012
871344499
149626098
232020219
77533232
979592162
856812651
842044331
892500126
223696360
500934753
762126653
272597936
766610548
474646732
368296471
773814401
875939175
441679524
444954502
312237183
286932358
918329111
265979790
364237951
379857273
373824564
314945835
759639768
519199361
17100142
86688089
147925953
81335370
573189661
154759225
754237728
427934073
937764348
712321532
140965631
102645623
999843131
35800632
807490762
965061048
798454982
208039701
41159065
804195089
902460930
220440538
427643661
64389327
167953620
566770818
544876962
201772746
900713368
290818680
993490606
665283982
736416319
368405722
770734710
401372689
188259595
805095353
461451395
324872787
451758176
876416026
552956312
916587602
998313782
110122282
915366703
388079138
556788920
629144795
88456863
775938885
779084020
178835146
739816512
502201641
169898540
222864101
37209283
804381819
310906197
90652281
527109952
429102932
13039832
786741425
787118238
331813042
220222368
128629291
486860277
880057845
996962109
752992284
101481016
541985366
944949453
128465068
125866818
712052380
825874239
529691884
9932077
328541773
581349593
185503740
91559727
560398655
456901257
965100175
265823610
283154748
73778746
878902435
348267762
144858174
81725816
493105307
106304830
580842557
775584507
142481
442630082
626963231
569757683
344957026
705302437
508278497
90227597
205668331
279275195
364869985
695009858
510939529
102457856
947312466
7968367
610706402
529268685
82038189
971713497
348794808
587502562
746830591
541412027
817845788
399694321
874905916
122777034
317640568
407673330
298228418
159950759
239600373
1406942
176330563
683010393
389503915
169999876
729898797
134264895
155273933
411688858
312065
218081056
110785888
307926434
929017656
253144680
658136122
229214476
548064116
940053360
766348263
352246029
227298829
101289795
988004776
424776404
404120110
231274747
623469999
381733650
889935942
85004126
190176178
485066428
888348524
452865921
443069747
572580264
36213773
169366710
171159720
251095028
308610367
213520059
328526715
30689104
646520071
871983274
176363887
687244417
505547592
347110946
378994544
335638325
646491308
492914723
832067903
237873309
641326659
161299370
252196585
544684491
223242971
179526459
497322470
76261070
869917990
948445783
233614037
733653581
206843881
231687754
215372163
90398282
888699434
363492653
207912667
738575397
597305356
633066856
365960872
601561037
787310312
680619906
885578584
162507387
986991634
833129971
212446770
738185720
441395742
367868232
884085990
216281250
491756321
41053894
441717793
858322825
514275232
597293076
198021332
960712361
787815473
303178549
651916167
678175678
278757077
940808333
951418431
434789930
545600870
219091418
641648413
969886660
835013994
146718348
700896518
607773916
936527609
833117725
701292291
371762646
224658200
582830813
80785430
161163700
912767639
957086469
546385262
27653215
809467361
182172941
328445276
479188826
382863579
757702469
692441348
433294187
900858421
776484211
225048157
101013927
820651804
287438436
504587509
784734847
990281659
588701895
273863459
631566031
539901559
534456357
965406683
602008972
428487714
780811577
579573508
47276887
984056470
35925040
676018001
217298909
731862683
727787019
206650452
179722053
680394933
531191383
337240637
216631944
618276203
95012280
196454617
809828932
524845011
805742625
873749503
581080120
376224024
63765330
217101927
289554523
24907784
124359664
152213996
910184744
845276695
382736274
365749802
641769880
192543475
896971101
549742375
224802001
119748221
864214683
342978444
66616215
818838090
764562535
263764646
440057317
472042299
350037174
496649737
754514206
919533300
491602835
999243746
635326920
947485642
311808463
97954397
743879296
805238015
760080798
735240148
526797713
341174661
150107314
179077763
669699042
223296313
615196674
463323684
644910607
392710219
40243214
63671265
249642397
812875187
576070892
503438481
544631519
196037175
829633062
85393645
65517062
255076687
852749305
713983324
531255707
796924294
332948893
859065287
669445323
500438662
102801421
933680962
864484501
581815663
108600065
726778305
427683507
841125398
189502570
438033305
727242104
352246090
994082837
941069924
127212560
821583927
547927073
108830403
16592040
999409007
120149335
771496898
140355391
733076998
637585485
134797476
951218372
93515024
946422292
506794822
156975170
906082899
744462435
47511160
78191974
511024593
592986152
252963406
80780056
587037799
544753197
960814370
754791469
105402495
798698633
243207147
779808902
279544250
769089235
521619534
329136978
86500064
442985362
883422478
592047911
550634257
392516414
405827431
313842351
797328572
513952903
144764247
607324561
321161720
622078580
285375864
291159753
783856265
661838284
42524370
21104969
675172053
750930322
136457250
352266892
69654716
644140166
663922945
392336599
329108901
22125571
305330916
714606978
266803152
155540109
185263369
814169938
735810230
766152938
302349571
279494278
85587469
738023061
607230512
354119649
870388740
394298015
973693251
540644190
174514606
41678041
699813348
199597137
297434459
259173102
238584441
170687892
154858815
799507916
318271594
236633234
23768088
72484182
71415191
959817890
987068454
626928908
668417308
46159079
724847799
314163256
630602543
198151112
371071682
341098675
745938983
266184278
76656022
462084023
789920036
364555252
206790390
182908858
315766518
812051417
166542051
544895851
758342758
370448911
215693045
485552254
652182549
147628034
443258461
110220063
606899348
265725353
929394455
263733368
436373926
188766990
775019020
75892524
714157079
70579599
512056961
917238408
181311987
293659307
894528414
614737714
753298157
950207100
108726433
214816162
742597850
363963826
298512729
517257056
174682219
88637792
741040119
891670575
542723703
324118129
229234943
116750609
821021448
588484378
982481167
767925779
820183770
763609594
497370886
689106027
262357235
227564704
429537804
32733695
146031317
266217305
801082322
448475155
7170424
220325205
677126176
279087206
596451492
630793959
311010849
775389297
557549545
358698762
50377899
526175483
465630664
480685707
166268585
966844326
531551838
420357440
244490244
664513923
577707792
650203760
523112732
26463870
221411042
47885795
388734922
531625991
862519508
207609474
782336570
608489498
86953145
9428313
129944248
380987505
261058277
646085719
13019830
645348656
565210070
285763726
367962600
791589497
522451476
234722912
505171554
420013158
569791389
972305945
590218688
691601231
357683062
815243579
165398039
346357507
893834708
187219451
638361133
485750467
693246361
860268734
278568460
327205183
261019722
606381369
734101133
863004434
444337081
639969383
399772067
62308444
576185761
832087313
371488370
492935400
824393164
100514933
90702418
655668650
140589465
39974093
293668875
856047446
423504579
852410672
50937058
420702499
970381360
507360337
122489997
49218035
443117622
741281382
242958396
556522405
329022438
916170369
232719821
191655776
834924037
42754873
418653279
396410656
268067059
542053203
374738240
729586563
219537233
127909606
302478879
768149359
779530915
847567770
436674001
419702814
769895815
111597256
81266539
823376069
495966204
40564005
627850872
586411188
920510807
202771183
901850752
353423940
581943046
353425558
346963212
372476040
842128303
248963681
472313285
264991772
97662302
589660621
735530429
444993708
125643758
857928081
127039199
901658392
712130656
370443033
796759294
461341862
739699707
884336051
834245649
512918267
128797536
587674040
906644307
326369584
238936577
522205028
776427538
776277361
22724117
136900105
414694918
465872719
609070278
283159017
503253186
552942275
882568732
168553361
82494534
396415329
848937640
550716177
516498112
996804231
293673518
614024613
473170037
521882537
998755158
119011000
963989097
793074426
693953729
915461893
96040156
202109193
717049230
866676112
157393336
897898120
928057940
248986061
279288044
112527445
262846680
384055819
940939360
938114966
65529450
711116403
761962997
61694692
972827148
350380471
394104088
702951863
642554100
702726783
485421438
550306611
2149132
952813303
505150675
780519175
816010454
798188439
645179834
817237054
406382864
654419388
815686218
440383944
198495541
368290833
305082615
168604950
920749152
711423763
698575913
137042821
171988261
595685344
930856077
321957870
289283295
1000000000000000000 492991126 510052016 582228676 1000000007
1000
242084168
159474546
1103535
151859161
840484659
523074936
912761981
582410205
130369659
297305627
738165787
142916503
134534022
575363710
629702923
48535990
895634489
646159757
142866307
759501450
644899323
218089186
736171742
530774215
240443440
379138536
561521924
337566157
728519135
780018984
213030512
972302524
165507408
844349349
823513551
32368863
807660153
757766766
659466642
952898679
760851942
666347379
686045745
578186157
255715193
631330545
742567940
507155587
25290562
70321326
476466900
46675376
943250589
899971448
382834799
999473808
476069650
165803315
861076677
568404653
480998255
363238623
935957682
175886698
959687589
799263662
903911045
115965673
718390645
318280723
434145092
956725183
14946727
245133364
105748792
625028904
974236265
634889821
209107935
899294731
51589126
760541437
969944400
962202664
306288599
769364624
38289858
608979184
872065687
131103421
906684516
778436358
894071950
706607995
286723377
923338364
530463395
359084951
546826312
275422002
128417457
417090049
124263229
62607968
218488810
825374488
213863801
52387696
389011411
960066713
808087250
57672148
562411511
499316123
386018034
723011546
894003880
781069239
804836289
183152516
120138917
890780423
963631452
242198106
850511435
160978126
358882801
374983658
382724942
356595458
941573719
761277232
752110941
699243667
460239522
999774918
481612791
947964650
953118245
368887444
105335943
719407893
998472006
119671005
402251549
135302126
491182578
650346338
264815019
953001337
371942249
441760264
334530738
208370591
796264061
380382672
482877759
48510989
399190363
710389632
498510434
375857483
969707162
902392365
901358051
423480169
920576103
835832681
588998809
134161219
210363540
41296122
769378221
900663021
534257199
426871299
507507019
883332024
63792808
160154422
13645137
127331199
169693973
308604316
98653842
407169940
861673806
850421457
821846289
457279421
256876985
184479656
682262092
471535994
823844453
889538752
325712229
359168727
290008308
42515284
756372924
575280499
897412632
741505309
62062812
245194893
879020489
992356884
802147243
133430597
165831941
531389694
377595461
949563829
140144224
437888529
100558961
774663814
554114957
163456245
552983679
323837599
394371248
188683907
5689292
241118441
701196097
199730862
632290056
807204103
870980152
544350452
388482583
905649848
468013375
45243246
27877463
509714450
700754106
244140433
960964701
380806536
833443363
2723563
278642830
574212696
366604469
818028762
583851083
888011824
256625530
439267367
43923603
373559929
525521926
528385013
258591244
930654363
458949895
84161930
396546899
384453655
347066257
447710637
304713518
283428966
90079901
388238509
779877956
118516605
906736282
311546227
357120299
868048086
235451204
583058425
760428111
129054969
383880920
920007907
982867011
306500390
183649037
670525393
722225117
138282153
909317126
639553952
838330901
76078141
787646962
693890578
487819317
365170981
237413587
38105683
405344655
714824051
817009547
874381437
921040476
784160082
168439249
471616745
187032134
273743906
309624623
785345548
940800234
601259245
255932484
899442159
183735308
682861858
483103952
445304926
219392115
45832239
905001392
730502686
371151002
239420870
343327837
208492454
960520597
647773448
202858303
885749830
163419773
681694526
181033558
292440672
833433857
999705257
339278088
36326806
539219757
538880712
810393499
330415890
930296225
411399322
570342519
968931711
159304275
190219881
749303277
408488857
797534553
572746386
935925983
514229242
311972485
815877476
455541909
911453503
28014939
966868545
733621923
55260875
216486144
687684648
907144380
367856764
828630547
635046447
976620328
401887502
150292667
110535517
625755231
973691490
126787579
928193469
403112065
999499155
238561997
499059427
342620719
553574742
852699168
743639250
908735648
972800605
182258826
226174374
809949962
899263992
981580354
589898856
151606963
29802955
354276709
907057622
4525571
521010836
203580220
925768029
781266517
300510009
140677155
75568375
624935412
654837177
580665761
723135256
509425269
937612135
202862533
427359163
365581735
914190501
155461022
252671765
52099561
336376285
568899721
27738375
467684399
827692047
933411224
605941445
455894572
495608873
702309417
884518370
203261997
995672380
381794078
736157497
709987051
746056765
484819300
669820416
55806101
875006146
248035661
922136094
69260975
199403786
169113186
738523371
569205403
289292509
653952935
158182764
747654246
727239087
612995751
247743586
299726617
532031611
510501402
106946156
393553671
145191822
416777341
321511318
643833568
639797404
325049389
863284094
602198211
680729109
606337519
888508029
39632915
343470764
53028200
893295576
297683774
271478801
190401492
940374348
851375173
430551662
462951690
162876183
783632820
469899755
884210079
584374658
50753834
256134298
271124194
96407132
636883337
151407219
851538472
434013856
119827139
759246337
636680380
251279784
109695310
317989850
969857079
443254042
194260246
34700958
290114545
230983886
690896500
5995159
347651054
422173323
418201906
392832550
518042634
298938485
135544392
211708087
48324723
83640880
214059125
753913765
966265735
914539636
160799983
245732467
131585843
369971988
926304732
821342026
159963723
713201663
846949373
595718520
255639161
597041397
407959478
202219340
848951016
911502590
477911149
299570367
540979376
647803770
197784757
857499432
975169519
284623643
588408609
268023531
654105118
565476333
176454309
550161369
802015653
167226574
590693066
181964444
485287582
293564363
98339834
539801579
741895344
43170287
959468705
351707620
664515122
235721090
217706823
295986896
852315422
226340648
648463454
231737008
407620586
974432255
110554654
425365393
583964125
339453202
55793276
636517427
851898263
177590958
190469493
847848091
503999596
600733467
407367815
568383143
452353853
260047743
155080724
288150194
727141420
944332379
558170665
429596983
196868955
110500227
83586013
863497788
373352267
613012934
512199051
288885673
551462876
534945867
765548809
69270553
928164234
292400331
164283214
922522499
777126579
471461293
724131518
719755200
946520017
5761243
646029338
839404497
196246372
984023013
650891808
742179198
648450734
74546450
167080862
513060114
550906784
340845498
213343491
427096374
39564403
603567215
699891348
728024662
616798788
215888781
314718635
952334014
288809256
529820514
124436930
711808346
354259767
129703227
919860558
442977212
757372689
620254068
865852553
293582974
736786987
852895161
951311365
411478334
193505539
427751690
689822333
965503680
622395461
766762334
164564816
556288745
233944663
63148011
868786889
874486161
19347981
344328125
89000756
25995177
612222000
138530212
972570915
349460105
267868884
13733266
213570447
674288488
710447879
854844927
204460875
48581513
391886089
272045390
461602486
734028721
320697062
979405438
326150554
84982097
343314003
20248324
171145114
829235267
462719728
479302350
163706443
684516591
46577878
560643189
762997283
239485236
184415075
151134801
596763972
135474111
397660279
795425375
858623625
876228558
62983366
371269662
832306561
260110478
711976080
427046863
90401378
162173885
783866831
927039952
122443102
246250559
269430085
141599334
949259870
899816872
566534777
200929435
740611643
720297631
237552747
759230449
183829017
661998905
493924956
174225714
274465581
19315695
977696016
281851438
463649201
118366228
728630133
152223189
562325286
612800960
394177803
39842011
646572639
667308234
335738336
156895564
229414296
826830118
750570654
269503716
63040269
835143214
969813134
831602115
856120099
29433116
444115532
850337033
242463649
859473542
28515175
436419894
797174498
308233064
789512533
409098988
933672968
224470850
405210950
247778804
545942489
923616633
74953009
449239958
970928220
98783443
964531921
492444684
180532569
373502860
986206341
374261267
170754957
612987539
482740766
907943158
940071124
488986852
308216627
505538213
333944565
839224166
574176825
158730568
165472019
929382892
132557562
859814198
103369347
450563528
382466419
408395334
902967781
707943054
726690734
465326443
636477950
99877145
149056193
440649370
786722298
23193001
32982649
865058915
937009952
499890316
439341291
903350894
662772521
895715830
658398914
595572527
17231453
665570718
841222534
608828440
885377981
954548913
649531552
128750797
860342166
388416932
471698661
900072059
297902336
176632617
64736642
381628571
265356367
409749957
305163731
420393372
164408348
521646540
349220619
933549831
532832708
745411054
428531618
401100907
350808608
941718047
317363130
67799078
448291432
127634954
617136371
99312000
717987980
351512699
231376130
256146926
211667943
665687207
564820218
837227824
346277928
396591523
912786941
252984251
610403735
869512130
554055906
623919951
966616979
359739492
71944715
994994285
909685071
897649346
74554969
150975345
952426988
571153996
326074173
115766182
358804186
12984801
204424122
980376532
767607472
126298858
875431825
360445701
318871505
137857435
529289770
795980415
889882808
6752765
553565923
442997977
990684029
912628433
731396071
454193736
563995501
717460828
528177466
347788435
422225677
366576141
779633655
761336286
456254582
355859010
292512232
321849392
355017888
320166885
145943595
123460668
652288478
17737880
216131662
404196403
634950471
845719256
890419519
517724058
994703371
582741913
446801116
417210840
115426843
130795527
792642049
704602259
4281189
933433364
882295487
394450517
702648868
611154975
233099699
2531703
102038522
321912809
181088842
870917801
362976096
287870781
292986794
418767228
92369421
261303456
121312047
665812061
233161756
187332800
391596341
528995769
729218931
717719769
399817576
60496477
549133580
959215953
927998677
377892866
534606503
348408848
894132901
763101671
465441310
658246454
775699186
691562135
51602298
754789950
814867332
503200292
55445161
348595473
648589099
840739711
115461998
618102832
386989790
400714256
95334042
561803405
44755791
118184921
886295905
847627995
